2.211726002649273479e-02
-5.678187117866204670e-01
2.628844945619876472e-01
-6.971646528661364917e-01
-5.924083826446795153e-02
1.950123905309786077e+00
5.197041225814968968e-02
-1.757017041749367459e-01
-2.294188556230079556e-01
3.940538160258297978e-02
-2.436608036945733802e-01
-6.151786532836329979e-02
-2.142899054530663094e-01
-6.679534245390185421e-02
2.888336928058607422e-01
-5.002720814673765615e-01
-3.165387371228128299e-01
-2.412324647687578982e-01
-3.552589740596959200e-01
1.791823432064460486e-01
4.832230134891945528e-01
5.758009312018086412e-03
-5.403148843692313630e-01
-1.920769265230898347e-03
-4.155073083823891400e-01
-5.786095642414733620e-01
-2.074186777126022785e-01
-1.223594507978775364e-01
-3.290505062762729693e-01
2.136749745101919340e-01
-2.349809907759926320e-01
-5.555515402313592199e-01
-1.078345540200047747e-01
1.000670064350659638e+00
-9.096125159927249959e-02
-2.785458760696514768e-01
-2.414913294705787195e-01
-5.707706559898655108e-02
3.351717842928156887e-01
-3.386927762823427335e-01
-1.066915313240077851e-01
-1.735791548438928855e-01
-5.260445330987502388e-02
-3.093143244411724058e-01
-6.115810772284490104e-01
-1.634224904600974082e-01
-5.857090001875602248e-01
-1.843701241057857654e-01
-1.868651993423771640e-01
-3.167760873001551625e-01
-2.181829775807007099e-01
-7.237216137092489232e-01
1.148242102551152721e-01
7.822170784770305918e-01
-4.993367227603522363e-01
-8.475151925970139666e-02
-2.373454369953089116e-01
3.724441674175554828e-01
