-3.818151422325649080e-01
8.662957091037672974e-01
7.109209035531656173e-01
-1.083463067243618239e-01
1.279971621130577553e-01
8.432806799452313706e-01
-1.384940373339398623e-01
2.132602734123707211e-01
5.888482839424966642e-01
2.055538244280420701e-01
1.865460685448364075e-01
2.374219963074961255e-03
-6.003972838589465011e-02
-3.135197232838315973e-01
-3.834389167129359510e-01
4.628371321585632026e-01
6.099349767575054093e-01
8.794170763640790645e-01
-9.338747713332680167e-01
-1.059088586918992686e-01
-3.786226287669061663e-01
8.404251905625557129e-01
8.944071947627231234e-01
-5.231128585926354997e-03
1.079403070593874858e+00
7.200051039676301778e-01
1.043517874526332656e-01
-2.062568134197350300e+00
1.015509002839533714e+00
-1.017684623169861219e-01
6.773962845459509108e-01
-6.065853357499136900e-01
9.934361334564759671e-01
-6.644338295880934664e-02
5.601643524541179975e-01
2.121185321677730717e-01
1.037268116080311220e+00
3.592665451472362714e-01
-7.732614319147662618e-02
1.085709336819525861e+00
3.260555684616777139e-01
8.269297669995347988e-01
1.346890365874555240e+00
8.226648866554457928e-01
3.394896720373474230e-01
-3.720564378854389620e-01
9.497090955153496550e-01
4.402320270555497572e-01
-1.746032584311042746e-01
4.825927600538167384e-01
-5.397533941539812974e-02
8.523762590758121593e-01
-2.632637500340333503e-01
-1.170187670356604093e+00
6.946698789418264131e-01
4.884850455118041057e-01
2.982709615296317840e-01
1.893273931821531919e-01
-1.675188554864550650e-01
4.587109016190246136e-01
3.977115773254314424e-01
1.159736316518515276e+00
1.363670105166539526e-01
6.079947580205981028e-01
1.619269009931467163e-01
8.942068058623149351e-01
7.986896016845483615e-02
8.580166378921356696e-01
-1.482446432404016523e-01
-9.590376983485474072e-02
-8.461685988802343239e-01
3.118593026299586457e-01
-6.457028383071504729e-01
2.520979335567247182e-01
-1.024241654265940216e-01
1.064733250679528842e+00
5.775099169587231129e-01
-7.344202406726051402e-01
4.172132373177484532e-01
3.375047084678083342e-01
7.050958943313350158e-01
3.024869153332412908e-01
-4.364381954660644380e-01
2.455892091151207213e-01
-5.437874199729528790e-01
7.218553159201209768e-01
-3.214220912467197211e-01
9.284995683365713237e-01
3.023413664178106752e-01
4.276754332903339728e-01
1.284931880516639646e+00
-9.491047084542177936e-01
-6.401224103125988663e-01
-6.434787594429546287e-01
8.283474755597243222e-01
1.015112592134258973e+00
9.173415695324642627e-01
-9.783417794538024070e-02
2.208106375246385034e-01
7.305696076496314140e-01
-3.881471027573848986e-02
1.134572746887214656e-01
9.998111525329498317e-01
-1.205222770629112428e-01
2.734974355997207840e-01
7.647974077058815601e-01
4.871145997887539325e-01
1.191970293661047231e+00
6.635779703182256295e-01
7.496170479342466608e-01
-8.488765254590509013e-01
5.586211933990398171e-01
-3.657324981631438626e-02
6.030834767108290695e-01
9.764035197645641873e-01
8.516101348056527298e-01
-2.864277971926295074e-01
1.587194937894360336e-01
-2.353433085916306275e-02
7.064095966167158180e-02
1.022477336071128562e+00
2.228704644771815624e-01
5.896539976695133189e-01
9.257332104249118565e-01
9.693181714394653037e-01
6.560438571081629311e-01
7.248664547996164220e-01
2.833771848389622372e-01
1.470836481220262060e-01
-7.557016453514314724e-01
5.690790097666038605e-01
1.009056752226444420e+00
1.006035098451918408e+00
7.147489903953804236e-01
-8.888927132354251803e-02
5.950488570316762177e-02
6.063457380060217616e-01
1.728059629993208279e-01
7.742916983710070866e-01
9.200115235718875351e-01
1.112288694270491263e+00
7.756857926929444647e-01
8.489299737082026676e-01
-9.677415738921377741e-01
8.632825586028916587e-02
1.567850532806813468e-01
1.417761023812139781e-02
4.469532045558526900e-01
-7.558746422342510485e-02
-1.243573299501816276e+00
3.779018517395235643e-01
-7.742224638253802915e-01
2.210811646794219876e-01
-5.374506134768707311e-01
7.732428396274804161e-01
1.209931457794041876e+00
2.384398058648346808e-01
4.245782970376204002e-01
-4.516657473448888460e-01
9.269841037640298431e-01
-7.783472431952049853e-01
1.227017298444472049e+00
-2.395154735083303635e-02
1.030989413559759038e+00
1.687655104452678412e+00
-8.601570555437136611e-02
3.633432590513562821e-01
9.646025060799764406e-01
2.555284116251098081e-01
-3.127509889381088204e-01
-4.605900235788754071e-01
8.752175969750382312e-02
4.410428266083812887e-01
1.524444884669035605e-01
-2.890878354190082877e-01
4.046923528500544487e-01
6.714710112607198411e-01
6.266435232040127312e-01
6.534724286748763156e-01
-6.374186671384562963e-01
-3.044978263428640974e-01
-1.598508976156563788e-01
-9.514576092286483600e-02
-1.464464084953189527e-01
6.368109220387522251e-01
-1.089422928904807186e+00
