-4.125649714375618365e-02
-1.538607910949983948e-01
-2.342786233920644487e-02
-1.729500069143911634e-01
-3.889468047213326396e-02
-4.542644762782995643e-02
-4.507733051494975940e-01
2.398316226958227271e-01
1.019192047173789195e-01
-2.102612904721626874e-01
1.170406386684896272e-01
1.698109018452158003e-01
-1.112356503612588615e-01
3.951758542722898504e-01
-3.628518676061237569e-02
-2.807506995239334446e-01
-8.915591911698725336e-02
-2.083866956325798048e-01
-2.683237948564394793e-01
1.096386121111814910e-01
-8.715672981517647022e-02
-1.584158328527389414e-02
-3.181378247169747708e-01
-1.359912240054549637e-01
-2.294459642346649841e-01
-6.822168967409592520e-03
-1.065618581674715459e-01
3.308390078305778470e-01
6.104624741903847962e-01
-3.286614391193142665e-02
-1.412084198527826795e-01
-1.533912276046390730e-02
-1.311892776554845208e-01
-2.641113341892747587e-02
1.130850102807181290e-01
-3.439855525077167159e-02
-9.280158927058437812e-02
1.690713924191782902e-01
-7.478072592050455381e-02
-1.451550680544585747e-01
-2.210679007337248703e-01
-1.382777824125278185e-03
-1.228007714285884039e-01
6.892156067842070133e-01
1.748552484410524285e-02
-1.105358345772308390e-02
-1.594664480667168718e-02
3.061306596587393385e-03
-1.331835183507463771e-01
1.749160817989639793e-01
-9.347459600379402767e-02
-2.156579493911681689e-01
7.016910682857112336e-02
-2.312899609462186479e-01
5.472964942820548323e-02
6.685050404775789989e-02
7.463021041801018440e-02
-1.964737325188163283e-02
-4.101411828311619934e-02
-2.574874351602156053e-01
-1.196041142385086912e-03
-1.205136404786086857e-01
-2.472857327808018410e-02
-6.316365801732511109e-02
-9.891109247832843843e-02
-1.507305963684569261e-01
2.092756276456340103e-01
-3.304674340544077465e-02
1.318511582689483042e-01
-2.878274287749791327e-01
-1.060768275446733466e-01
-4.609538086625157849e-01
-7.125657232016283094e-02
1.932262607876156007e-03
-3.066401522787406408e-01
-2.027423063619927801e-01
-1.830843251858689236e-01
1.950920758353867912e-01
-1.497862775508859434e-01
2.556845189346785840e-01
-7.531471733266720432e-03
3.375298492826949714e-01
1.192070152707586927e-01
-7.723318377790655553e-02
1.355895636916758795e-01
8.499367231005774959e-02
-1.865330238618895520e-01
6.402743567578564332e-02
-1.056690915206393577e-01
-1.733970672470265262e-01
9.051728312731066595e-02
6.194977334621705467e-02
-1.928776991563161403e-01
-1.000857824536341284e-01
1.028983370357740984e-02
1.910088578238594570e-01
-4.523098194239926623e-02
-7.894552851856184716e-02
2.906442291798627120e-01
1.494627509809808019e-01
-2.712546130519309373e-01
1.581423423957104279e-01
7.639741770705735235e-02
-5.155263169221881159e-02
2.099184896648889909e-01
-1.461385771318476079e-01
-1.317546008138611724e-01
-9.301033144839361555e-02
1.666935002991998815e-01
-1.710435096641748087e-01
-1.362426696492109179e-01
2.072476771825518149e+00
3.515897841593072087e-02
1.420936625891605111e-02
1.199789132570398126e-01
2.705785670086366945e-01
-2.444982754685172122e-01
7.889328099113886161e-02
5.083009851079571817e-01
6.298354894910407342e-02
2.601145561819638297e-01
-2.027346495665450221e-01
-2.608093775790922275e-01
-1.291295146481572509e-01
-3.720900655056368911e-01
5.425885742939171204e-03
-7.611930443626042930e-02
2.352074659310319227e-01
1.215877547234851974e+00
-3.182759625639603462e-01
-8.682679310336947898e-02
-1.671417044076450309e-01
-3.796884256830829196e-01
7.383268951187010876e-02
-7.828674139776772498e-03
4.530555563625799503e-02
-1.203162458350772422e-02
1.945415054471811081e-02
2.396930969715094228e-02
-9.128368685515063363e-02
-2.434562338579539242e-01
4.282853061558679619e-01
-7.809890062322050186e-02
5.965817558540338350e-01
-1.923335968644828975e-01
2.250218308215841314e-03
-3.018906654227302422e-01
-1.729987595910132681e-01
-2.380072879758487747e-01
2.010220011267584705e-01
-1.143033758051573145e-01
-2.967674122235062009e-02
-2.383696620280941272e-02
1.080888739127596754e-01
-2.531982684273581183e-02
-2.442121541057188372e-01
1.398162846315016694e-01
1.732898930114142866e-01
5.090224448668363016e-02
1.634876754939604618e-02
3.770906851515917202e-01
