1.492993362874814600e-01
-1.463425636458966506e-01
4.347565856060448680e-02
-2.865812732268143703e-01
-1.351759760421678003e-01
2.843031047744230128e-02
-5.474462990794853878e-01
1.559583375396040861e-01
-1.287885196373720065e-01
-2.748030893036643163e-01
2.176445407592083464e-02
5.115879650738963669e-01
-1.967901560185544019e-01
8.644238140420497374e-02
7.122019386381375078e-03
-2.154176026279824852e-01
-2.622708656839082275e-01
-7.737366656927900932e-01
-1.793452296611481867e-01
-3.155777588059713867e-01
-1.845457317342814874e-01
-9.608233123104282722e-03
-2.846259299488073657e-01
-4.429851706586149795e-01
-5.876820558603066402e-01
-9.584912384136966279e-02
-1.819239465630023700e-01
6.681453450518046733e-01
1.291824995915807905e-01
3.265955129391014122e-02
-1.368726746905833958e-01
1.399368971844520415e-01
1.020923359524286422e-01
-1.302390818216699331e-01
-7.009204417861332470e-02
-6.492421282299815077e-02
1.313691566795778531e-01
-1.201869445240343198e-01
7.674157141007943717e-02
1.644743495669651057e-01
-1.140222285330153157e-01
-2.305565871174392045e-01
7.705033856675581883e-02
2.673735427491629180e-01
-2.986196023376980757e-01
5.124170113607105434e-03
8.182680957785855302e-02
-7.964702141007118374e-02
-4.915965907840844640e-01
5.646207785519470335e-01
-2.795368240497845824e-01
-5.268183524913543081e-02
1.501059802224165574e-01
-4.891999412830010940e-01
-2.157581153568189081e-01
2.864335339585968171e-02
6.293846902520019992e-02
-8.018682834773445400e-02
1.609528214468000998e-02
-2.143312945517554802e-01
3.163995109399109218e-02
-2.829581037628513540e-01
-2.292576128398143842e-01
-1.345332498382519892e-01
-2.747487237199400592e-02
-4.724475620032588252e-01
-3.879642404679920636e-02
3.587398291710909570e-02
1.619766348776222609e-01
-3.413328606422414424e-01
-1.842585199271503937e-01
-2.027215410587432931e-01
-2.000726981763827905e-01
-3.599648641551588327e-03
-2.004318251800608353e-01
-5.297874066549462801e-01
-4.336683580996095189e-01
-9.834923776734053047e-02
-5.854329861331406537e-01
2.277059151104897650e-01
1.158611924229314277e-01
5.027838032114386735e-01
3.649472865030519569e-02
-9.131465733994413581e-02
2.376495629794251885e-01
5.336093797096804758e-01
-7.308511722495038276e-02
1.285151880802305469e-01
-2.220926932914079333e-01
-7.467279493651195199e-02
1.181696548335902930e-01
-2.324241714290235239e-01
-2.490766435400412482e-01
9.000142581144515708e-02
2.609186514597300333e-01
-8.372503364672949366e-02
-2.173571926899656864e-02
-5.418000392404515725e-02
1.369900131343454452e-01
1.458636534257830575e-01
-3.219613453138805426e-01
-8.578204942038366448e-03
1.131082406707824284e-01
-3.416622119654327827e-01
2.369736897881655480e-01
-1.050327290692573412e-01
-8.356493587798775879e-02
-6.215246923878301466e-01
-2.667221632612457732e-02
-2.420642325690842978e-01
-1.611672834933391418e-01
2.261355134156094682e+00
-2.928262096165933775e-02
-1.106192597252312754e-01
2.376756799070376402e-01
2.208424407237782883e-01
-1.646379562782191441e-01
-7.040395346429445533e-02
4.887750044671088090e-01
2.418757403992829735e-01
5.823711689706292591e-03
-2.986637452983397223e-01
-2.684447382204397936e-01
-1.825045055484516288e-01
-1.385158072436934451e-01
8.618717635672307198e-02
-3.294462747926109047e-01
9.044986117372347811e-01
1.418107584407109600e+00
-4.975474630466534265e-01
5.092336851369664262e-03
-3.219705760741662925e-01
-7.484669712810859687e-01
1.810791886581822885e-01
-3.158116189986519551e-01
-2.032244573099327434e-01
-2.849273416496134192e-01
6.738571217016635362e-02
2.704595353266057711e-01
-2.043663069077480687e-01
-3.724056578475705703e-01
3.081879133547300031e-01
1.448310330367550691e-01
6.313181406463089784e-01
-8.164915844532021072e-02
5.298279206171650768e-02
7.536911891375483452e-02
8.999538524254606375e-02
-5.577858595047072710e-01
3.709558613365479540e-01
-5.294166840508761629e-01
1.583968838850154937e-01
4.247489231445085445e-02
1.250171747412831824e-01
5.423196062897979453e-02
-7.015190977201662959e-01
2.123607338987778814e-01
1.162831468026704063e-01
-4.057375477643053799e-03
1.361372773478815579e-01
1.692193563543062385e-01
