-3.987385062633507227e-01
-1.525531458106392790e+00
-7.607854197186286749e-01
-1.186611292967781006e+00
-1.205747755421191503e+00
-3.864984279597803329e+00
-1.331094960554230155e+00
-1.178638319654990774e+00
-1.563359814597652830e+00
-1.267674364709346913e+00
-1.515291239244419996e+00
-9.093622536412451218e-01
-1.631468009304934297e+00
-1.104382075675936603e+00
-1.011959825893581133e+00
-1.873877284068111271e+00
-2.170750077689662660e+00
-1.801558403379970086e+00
-1.687774960831035065e+00
-8.730460447853221062e-01
-7.219367820147406523e-01
-1.103017788982812553e+00
-1.831067050580705402e+00
-1.517117364590435002e+00
-1.514889153818563816e+00
-1.939103714717355542e+00
-1.455041783292155833e+00
-1.133656713706627350e+00
-1.651830778258825516e+00
-8.745445995589691268e-01
-1.519893253758686669e+00
-1.654909764754268764e+00
-1.143933343564045524e+00
-8.036811967043788751e-01
-1.297627447441790594e+00
-1.234769104597950529e+00
-1.365386709272689680e+00
-1.068907912089397172e+00
-1.071984457205243935e+00
-2.615992592499353897e+00
-1.311236793741247020e+00
-1.113358714963076368e+00
-1.592090512689638304e+00
-1.402272377858433394e+00
-1.327956353473741080e+00
-1.558974738169153884e+00
-1.030200316199073596e+00
-1.334285397973177023e+00
-1.591425335610475722e+00
-1.391004128606833756e+00
-1.142459378419084626e+00
-1.795981347739795009e+00
-8.722410838798039245e-01
-4.254801155799683987e-01
-1.320603709953979799e+00
-1.346086254955091377e+00
-1.329648909013273705e+00
-7.863945388769402189e-01
