-1.214888681536278270e+00
-1.502376911443674468e+00
-1.360533699165341615e+00
-1.674306603948520156e+00
-1.360569341685443412e+00
-1.275629223721012062e+00
-1.205624477010327711e+00
-9.342735995164771490e-01
-1.512394897119688553e+00
-1.442502364777891399e+00
-1.557082673196705569e+00
-1.118799020917535358e+00
-1.089292029601568013e+00
-1.171330157650311232e+00
-1.207529490342998946e+00
-1.464523591697153071e+00
-1.480189733086685555e+00
-1.379160270597806104e+00
-1.188294670027797428e+00
-1.487693809553328528e+00
-1.311096082535218033e+00
-1.579669871311763396e+00
-1.469273333452016939e+00
-1.696389175913558534e+00
-1.264103725677966139e+00
-1.464473106419135195e+00
-1.420402516758908273e+00
-7.503676391127723777e-01
-1.992662112638702299e+00
-1.720574930366894240e+00
-1.500607552450395898e+00
-1.359589721831414799e+00
-9.351183973284820095e-01
-1.511551288916936242e+00
-1.171377428904920581e+00
-1.009284391137166503e+00
-1.740288267915832687e+00
-1.364317959001390301e+00
-1.177831941730488330e+00
-8.241589063293969231e-01
-8.901779757232923806e-01
-1.275848259409337437e+00
-1.019104076219198518e+00
-1.308105229164838512e+00
-1.492320243288247639e+00
-1.477713033743526472e+00
-1.054397971982531823e+00
-1.208525681964276011e+00
-1.710643883685402544e+00
-8.807467038010917681e-01
-2.009443950152071778e+00
-9.134470579213024299e-01
-8.255561452099987596e-01
-1.308963369414488653e+00
-1.236038129285626619e+00
-1.755470690636448783e+00
-1.484003755346960052e+00
-1.042370316611089587e+00
-1.461682484753693334e+00
-1.276542830524477035e+00
-1.410987770925397067e+00
-1.690655712210642925e+00
-1.698209093184352980e+00
-1.304851096861550763e+00
-1.087680719800059315e+00
-1.592921685952159105e+00
-1.194886458354665892e+00
-1.281216933501263089e+00
-1.522402921049762270e+00
-1.731229225564515195e+00
-1.216089197157550705e+00
-8.361060440546420613e-01
-1.026625930224030592e+00
-1.256697557907017870e+00
-1.117731031637882344e+00
-1.951990242066467651e+00
-1.722263158427585594e+00
-1.478302705886240132e+00
-1.804061886666209924e+00
-8.496574703731235578e-01
-1.220986847130242747e+00
-9.146301766058514415e-01
-1.169339642180918570e+00
-1.531138818323013018e+00
-1.042892351383138072e+00
-8.777656575212814394e-01
-1.154130142231168277e+00
-1.026594761547637180e+00
-1.491774163014290888e+00
-1.197239353998433842e+00
-1.110371062434389877e+00
-9.550679736093355965e-01
-1.614464725194122874e+00
-1.076060631259383671e+00
-9.675300058624163313e-01
-1.430661462104053872e+00
-1.413440575104364383e+00
-1.446635474548445766e+00
-9.582073432507686173e-01
-1.482453758023127621e+00
-1.314392596960202830e+00
-1.061625569726433183e+00
-1.228091660685185937e+00
-1.840467962447551065e+00
-1.438642745505714249e+00
-1.390608120148232985e+00
-1.423075606441647434e+00
-1.817263165449703566e+00
-1.439407198535129329e+00
-1.950304215551785125e+00
-1.497302822917817133e+00
-2.900260020880554901e+00
-1.006924032398426538e+00
-1.404385194847499463e+00
-1.349118082588210532e+00
-1.115900433461330499e+00
-1.264260173272722998e+00
-1.228537615853215081e+00
-8.696526835683068279e-01
-1.062742334025755575e+00
-1.468560421395652238e+00
-1.482424280350029600e+00
-1.208751975022226643e+00
-1.546546934098557591e+00
-8.713550264612753837e-01
-1.331857935974810614e+00
-1.250650759122733824e+00
-6.188323161266969796e-01
-1.240044750148503683e+00
-1.642541577049113855e+00
-9.050088218025098552e-01
-1.825732264712635500e+00
-1.773903437732478272e+00
-1.092348602127180435e+00
-1.627673407629977476e+00
-1.159555709149618474e+00
-1.631711688740961952e+00
-1.398910479048046662e+00
-1.120862238253556908e+00
-1.518039930125425041e+00
-1.599104625198084939e+00
-1.015566073601479324e+00
-9.693226903695731922e-01
-4.705138714650836662e-01
-9.115166484643333344e-01
-1.453453601100437309e+00
-9.078883541424119796e-01
-1.245476478242113716e+00
-1.877675039313699834e+00
-8.906558788571053986e-01
-1.593475911154259572e+00
-9.755207253064315243e-01
-1.049952862287107047e+00
-8.526272413336957179e-01
-1.054159406913622865e+00
-1.810839724896789349e+00
-1.588939972642961829e+00
-1.349983501582067147e+00
-1.455305810442442116e+00
-9.695729580541887493e-01
-9.893005302842151627e-01
