-1.857708621855156839e+00
-3.051228120958103585e+00
-2.356842498175152123e+00
-2.211867266758205552e+00
-1.817745952420724675e+00
-2.216058849149134868e+00
-1.901645155749980498e+00
-1.724520904645645558e+00
-2.265504590496521864e+00
-1.944813704584463121e+00
-1.583843603901998964e+00
-1.491065106204360724e+00
-1.895022638928997250e+00
-2.016539636873444952e+00
-1.225868116295219634e+00
-1.874563573830946739e+00
-2.088417624819208118e+00
-2.592213923353417826e+00
-5.112481676419770027e-01
-1.288923612660298090e+00
-1.879635756489207887e+00
-2.226819325169158592e+00
-2.708214231473824896e+00
-1.585181741243551601e+00
-2.361246562463612531e+00
-2.276479551672206281e+00
-1.761797886770316790e+00
-1.683850966237780689e-02
-2.426345394077860984e+00
-1.820453473487881446e+00
-1.828788413544254698e+00
-1.458521765196821196e+00
-2.808601425215865977e+00
-1.858914380798697419e+00
-2.368983408387947520e+00
-1.782471224560690182e+00
-2.125243438281257724e+00
-1.480933203466819670e+00
-1.754117186777436332e+00
-2.112182395363737530e+00
-1.905068138103331421e+00
-2.063486342725063150e+00
-2.021693875942325747e+00
-2.106684337679894270e+00
-1.570630134293775182e+00
-1.545102427420357971e+00
-2.702646370559893096e+00
-1.564564747594570759e+00
-2.280319815767239966e+00
-1.820088728667529132e+00
-1.575601294031064858e+00
-2.424568537021765557e+00
-1.226003959717430369e+00
-4.887178104947990653e-01
-2.310156782745635962e+00
-2.340147719187053887e+00
-2.583191913266337902e+00
-1.927043670863176628e+00
-1.702122891119199011e+00
-2.397178525188240705e+00
-2.246999886839443850e+00
-2.654068288704245937e+00
-1.804321790827084770e+00
-1.712934974703542279e+00
-1.852871876362303327e+00
-2.325820887635384082e+00
-1.467599769020027312e+00
-2.327296896686121830e+00
-1.280849646269631048e+00
-1.362024716402613356e+00
-1.091716016140338530e+00
-1.523612393427447476e+00
-1.243452754938473959e+00
-2.601633538966763304e+00
-1.650944670352644028e+00
-3.096485966233312848e+00
-1.650104925030429825e+00
-1.302036931954039911e+00
-3.624057705118235884e+00
-1.552769528290535828e+00
-2.166304546080910942e+00
-1.973033098933775875e+00
-1.455817454214077378e+00
-2.079775091452897406e+00
-1.636969522893976903e+00
-2.379700307026271666e+00
-1.453554062334766916e+00
-2.869022496991610272e+00
-1.910676052012951764e+00
-2.265640483288789753e+00
-1.740903156192026069e+00
-8.955907604128748867e-01
-1.261668730708869868e+00
-1.181074562160252528e+00
-2.441306261679847989e+00
-2.628588462932367253e+00
-2.791985066655620518e+00
-1.161149456847148542e+00
-1.862482799730603489e+00
-2.175763921122775280e+00
-1.756145536870496793e+00
-1.840916306562064175e+00
-2.437821365003117524e+00
-1.939165017011568626e+00
-1.380900301191173796e+00
-2.142165477139930108e+00
-2.113295294288317194e+00
-2.426874825435353156e+00
-2.164677332422046074e+00
-3.202520632010327883e+00
-1.158199580456089617e+00
-1.654196738345560469e+00
-2.030515441185237080e+00
-1.794641872576725694e+00
-2.568710628279107677e+00
-2.508312486864186841e+00
-1.420384399019329669e+00
-1.600906811173887112e+00
-1.804741852447395045e+00
-1.868531651948957206e+00
-2.458621378929113366e+00
-1.665591669575754885e+00
-2.386176131135786083e+00
-2.375562085184664607e+00
-2.381535927364275551e+00
-1.838613875858876812e+00
-2.262464669393853711e+00
-2.176268266710292387e+00
-1.660879414274245125e+00
-8.904178927418872069e-01
-2.415111333565680418e+00
-2.457711626710603170e+00
-2.428851048950422253e+00
-2.225576186022992786e+00
-2.240577225815297613e+00
-1.681733793446157810e+00
-2.459469870511628464e+00
-1.805359990471795850e+00
-2.002998801312311894e+00
-2.258116768393365170e+00
-2.850081510764877812e+00
-1.912524469624044654e+00
-1.980967136765043435e+00
-1.418208781966973975e+00
-2.048641061515456219e+00
-1.484265848041184110e+00
-1.777068938120212271e+00
-2.030303995980748066e+00
-2.055204590441987555e+00
-7.213766624567655716e-01
-2.098228590968073348e+00
-1.210136095716101590e+00
-2.412578795904287254e+00
-1.458391241101671065e+00
-1.728508386947694708e+00
-2.917202598310102424e+00
-2.194027294446126319e+00
-1.705892257290029468e+00
-1.235628928306866658e+00
-2.310733714720928145e+00
-1.158427000885222213e+00
-2.960251562033978878e+00
-2.088100726925338435e+00
-2.919059659590192535e+00
-2.142217031521019166e+00
-1.376817419206777915e+00
-1.948629295204221012e+00
-1.653981896287792575e+00
-2.624800283017268310e+00
-1.462131755229490571e+00
-1.272021309903400565e+00
-1.848488977413218048e+00
-1.864132042498918507e+00
-1.949286303693666511e+00
-1.689718242058206643e+00
-2.035610540645282907e+00
-2.009511781728777535e+00
-2.200034789298977334e+00
-2.253207475007576122e+00
-1.403104122378456609e+00
-1.253585476736238435e+00
-1.903282975753593842e+00
-1.597296093772167636e+00
-1.738338269848774154e+00
-2.035251482017416791e+00
-1.119262099320507575e+00
