-9.527599049109438667e-01
-1.739838618063170417e+00
-9.768585146135143615e-01
-7.968307802472237578e-01
-1.348709574112914700e+00
-8.541561973003820585e-01
-1.406527234485713596e+00
-1.406045639998182883e+00
-1.208951319159987214e+00
-1.548080724279059517e+00
-1.382503381510724827e+00
-1.615201905506941760e+00
-1.040716072688235183e+00
-1.209694492566816271e+00
-1.242544052872055271e+00
-1.188992423792781583e+00
-1.863982655262414356e+00
-1.314236506347767675e+00
-1.623110692696503099e+00
-1.514146467434380305e+00
-4.676601505401236647e-01
-1.438360104506561266e+00
-2.082128851323334917e+00
-1.468634008961339443e+00
-1.705562991278816165e+00
-1.447100095056536695e+00
-1.487382004675696257e+00
-1.062255036146908527e+00
-2.344961125624122733e+00
-8.563596102123922638e-01
-1.849969478094762199e+00
-1.753601674402012645e+00
-1.358787984704974638e+00
-9.861548224593374989e-01
-1.383100988118384000e+00
-1.664648386832564553e+00
-1.298364678470125710e+00
-1.308180403831264105e+00
-1.214498887680611539e+00
-1.347556057868812607e+00
-1.976406729939663709e+00
-1.060210681789973908e+00
-1.631535810310454249e+00
-1.454549542402534978e+00
-1.372751484774606734e+00
6.862514465803357111e-02
-1.500540105330065099e+00
-1.329143946680760635e+00
-1.329177646607344832e+00
-5.126247722713345167e-01
-1.897849016136274658e+00
-1.367077383813432911e+00
-1.406731096444628903e+00
-1.403411679836072734e+00
-1.957558427963383307e+00
-2.486966618730094059e+00
-7.534084654563899530e-01
-1.609841205631044270e+00
-5.493960455667923348e-01
-7.921528760410031511e-01
-1.714888568763253796e+00
-1.330149997538589535e+00
-1.195668231360273781e+00
-1.480898731517570344e+00
-1.223917523406739871e+00
-2.171154628478673132e+00
-1.479746157690368102e+00
-1.983135845277170350e+00
-1.300579681341917482e+00
-1.232898177808405826e+00
-1.615364003789002911e+00
-1.383704878498413837e+00
-1.355583355578631632e+00
-1.308420819597415186e+00
-1.178361174496550978e+00
-1.691433099599679801e+00
-2.260240301914941075e+00
-2.381749978179600546e+00
-1.524998293341257138e+00
-1.099337499220979231e+00
-1.409582745964868433e+00
-1.578595753559245196e+00
-1.355422897654583014e+00
-1.860799874314688074e+00
-1.018029107571462477e+00
-1.020424889310090233e+00
-1.470274163015306446e+00
-1.553148262323047479e+00
-8.721994335616928273e-01
-1.290580870323517981e+00
-1.567195365874156421e+00
-1.040370038585950896e+00
-1.488423514606643794e+00
-1.064973728867690150e+00
-1.638359647016365273e+00
-1.189347329871248027e+00
-1.224088250252860277e+00
-1.782203842768119495e+00
-1.335440939780889291e+00
-1.057819162570533544e+00
